error(train): 0.201342281879
error(test): 0.216867469880