error(train): 0.325000000000
error(test): 0.310000000000