error(train): 0.067114093960
error(test): 0.204819277108