error(train): 0.071428571429
error(test): 0.142857142857