error(train): 0.130000000000
error(test): 0.160000000000