error(train): 0.170000000000
error(test): 0.205000000000