error(train): 0.195000000000
error(test): 0.230000000000